{
  "cameras": [
    {
      "far_clip_ratio": 20.0,
      "fov": 20.0,
      "label": "def_v1",
      "near_clip_ratio": 0.005,
      "projection_mode": "Perspective",
      "view_mat": [
        0.959531843662262,
        0.01928381808102131,
        0.2809320390224457,
        -0.44716790318489075,
        0.0586211234331131,
        0.9621116518974304,
        -0.2662627100944519,
        -0.4055994749069214,
        -0.27542343735694885,
        0.2719564139842987,
        0.9220510125160217,
        -8.738946914672852,
        0.0,
        0.0,
        0.0,
        1.0
      ]
    },
    {
      "far_clip_ratio": 20.0,
      "fov": 20.0,
      "label": "def_v2",
      "near_clip_ratio": 0.005,
      "projection_mode": "Perspective",
      "view_mat": [
        0.7488808631896973,
        -1.1641532182693481e-10,
        0.6626967191696167,
        -0.515602707862854,
        0.2524082362651825,
        0.9246109127998352,
        -0.28523460030555725,
        -0.45045384764671326,
        -0.6127356290817261,
        0.380880743265152,
        0.6924240589141846,
        -5.756134033203125,
        0.0,
        0.0,
        0.0,
        1.0
      ]
    },
    {
      "far_clip_ratio": 20.0,
      "fov": 20.0,
      "label": "def_v3",
      "near_clip_ratio": 0.005,
      "projection_mode": "Perspective",
      "view_mat": [
        0.8339766263961792,
        -3.026798367500305e-09,
        0.5517956614494324,
        -0.5054374933242798,
        0.20712155103683472,
        0.9268690347671509,
        -0.31304091215133667,
        -0.4256882667541504,
        -0.5114414691925049,
        0.3753592073917389,
        0.7729869484901428,
        -6.668800354003906,
        0.0,
        0.0,
        0.0,
        1.0
      ]
    }
  ]
}