{
  "cameras": [
    {
      "far_clip_ratio": 20.0,
      "fov": 20.0,
      "label": "def_v1",
      "near_clip_ratio": 0.005,
      "projection_mode": "Perspective",
      "view_mat": [
        -0.5460931062698364,
        -4.423782229423523e-09,
        0.8377246260643005,
        -0.25932425260543823,
        0.3611902892589569,
        0.9022771120071411,
        0.2354515641927719,
        -0.403011679649353,
        -0.7558597326278687,
        0.4311566650867462,
        -0.49272727966308594,
        -4.00850248336792,
        0.0,
        0.0,
        0.0,
        1.0
      ]
    },
    {
      "far_clip_ratio": 20.0,
      "fov": 20.0,
      "label": "def_v2",
      "near_clip_ratio": 0.005,
      "projection_mode": "Perspective",
      "view_mat": [
        -0.530087411403656,
        -0.008024699054658413,
        0.8479048609733582,
        -0.2665006220340729,
        0.2503270208835602,
        0.9539059996604919,
        0.16552585363388062,
        -0.35257646441459656,
        -0.8101500272750854,
        0.2999970018863678,
        -0.5036451816558838,
        -3.955031394958496,
        0.0,
        0.0,
        0.0,
        1.0
      ]
    },
    {
      "far_clip_ratio": 20.0,
      "fov": 20.0,
      "label": "def_v3",
      "near_clip_ratio": 0.005,
      "projection_mode": "Perspective",
      "view_mat": [
        -0.01020546443760395,
        -4.351022653281689e-09,
        0.999947726726532,
        -0.4797295033931732,
        0.1104641929268837,
        0.9938791394233704,
        0.0011274595744907856,
        -0.24435627460479736,
        -0.9938280582427979,
        0.11047007143497467,
        -0.01014301273971796,
        -4.105045795440674,
        0.0,
        0.0,
        0.0,
        1.0
      ]
    },
    {
      "far_clip_ratio": 20.0,
      "fov": 20.0,
      "label": "def_v4",
      "near_clip_ratio": 0.005,
      "projection_mode": "Perspective",
      "view_mat": [
        -0.01020546443760395,
        -4.351022653281689e-09,
        0.999947726726532,
        -0.4797295033931732,
        0.1104641929268837,
        0.9938791394233704,
        0.0011274595744907856,
        -0.24435627460479736,
        -0.9938280582427979,
        0.11047007143497467,
        -0.01014301273971796,
        -4.105045795440674,
        0.0,
        0.0,
        0.0,
        1.0
      ]
    }
  ]
}